/word X,/word Y,/BL X,/BL Y,/BL_b X,/BL_b Y,/Q X,/Q Y,/Q_b X,/Q_b Y
0,0,0,0.9932511960393536,0,0.000443630867545295,0,1.559405449888637e-08,0,0.9995566030329283
3.90625e-14,0,3.90625e-14,0.9365629611594345,3.90625e-14,0.006830940749310148,3.90625e-14,-0.004370289824568472,3.90625e-14,0.9901810322105813
6.085043047288109e-14,0,6.085043047288109e-14,0.9143576613444075,6.085043047288109e-14,0.009519938820486936,6.085043047288109e-14,-0.00667723748540357,6.085043047288109e-14,0.9860219073245839
1.044262914186433e-13,0,1.044262914186433e-13,0.8818219272772585,1.044262914186433e-13,0.01405939887329243,1.044262914186433e-13,-0.01043631153007088,1.044262914186433e-13,0.9789774104874701
1.485013705285647e-13,0,1.485013705285647e-13,0.8654047398551683,1.485013705285647e-13,0.01773195312652638,1.485013705285647e-13,-0.01257398273117801,1.485013705285647e-13,0.9737130195176935
2.033819116128866e-13,0,2.033819116128866e-13,0.8528183178592124,2.033819116128866e-13,0.02196431722667807,2.033819116128866e-13,-0.01399334654140835,2.033819116128866e-13,0.9685690324284126
2.528941103954694e-13,0,2.528941103954694e-13,0.8449647617770067,2.528941103954694e-13,0.02540644234933268,2.528941103954694e-13,-0.01485198473844895,2.528941103954694e-13,0.9648380776941298
3.163531729076313e-13,0,3.163531729076313e-13,0.8374352721201253,3.163531729076313e-13,0.02940435350468726,3.163531729076313e-13,-0.01552582978684262,3.163531729076313e-13,0.9608175227341875
3.999390165114357e-13,0,3.999390165114357e-13,0.8300113530468304,3.999390165114357e-13,0.03406841582684206,3.999390165114357e-13,-0.01593818326759559,3.999390165114357e-13,0.9565130863035971
5.219653102757993e-13,0,5.219653102757993e-13,0.8219985119699338,5.219653102757993e-13,0.03991026432347769,5.219653102757993e-13,-0.01588942317391205,5.219653102757993e-13,0.9516183208057785
6.897943759597357e-13,0,6.897943759597357e-13,0.8139795720795574,6.897943759597357e-13,0.04653893053208518,6.897943759597357e-13,-0.01510225920938057,6.897943759597357e-13,0.9467156222611397
9.255207363807425e-13,0,9.255207363807425e-13,0.8058154355722676,9.255207363807425e-13,0.05395267543214666,9.255207363807425e-13,-0.01335060722799481,9.255207363807425e-13,0.942072063451174
1.255455302128397e-12,0,1.255455302128397e-12,0.7975628255521755,1.255455302128397e-12,0.06195627080806414,1.255455302128397e-12,-0.01062068805738862,1.255455302128397e-12,0.9381782661720034
1.720086772617714e-12,0,1.720086772617714e-12,0.7891765244913443,1.720086772617714e-12,0.07047862341508862,1.720086772617714e-12,-0.007212757264440116,1.720086772617714e-12,0.9354736731467573
2.370219991932235e-12,0,2.370219991932235e-12,0.7807023298189886,2.370219991932235e-12,0.07945559499255442,2.370219991932235e-12,-0.003830736704132398,2.370219991932235e-12,0.9343569949357948
3.232471859028378e-12,0,3.232471859028378e-12,0.7725132640849676,3.232471859028378e-12,0.08857331549645443,3.232471859028378e-12,-0.00131488870872408,3.232471859028378e-12,0.9350437984749715
4.457360312904533e-12,0,4.457360312904533e-12,0.7639935028986727,4.457360312904533e-12,0.09875420294586618,4.457360312904533e-12,0.0002131564822769878,4.457360312904533e-12,0.9378218304274015
6.235127690700832e-12,0,6.235127690700832e-12,0.7550085542654114,6.235127690700832e-12,0.11062078614488,6.235127690700832e-12,0.0007963295783919169,6.235127690700832e-12,0.943130418050634
8.716603789982866e-12,0,8.716603789982866e-12,0.7459826080213326,8.716603789982866e-12,0.1241405925032559,8.716603789982866e-12,0.0009366581317899877,8.716603789982866e-12,0.9509484163790435
1.220284904145641e-11,0,1.220284904145641e-11,0.736836444649543,1.220284904145641e-11,0.1396585785964092,1.220284904145641e-11,0.0007795229976435078,1.220284904145641e-11,0.9604951805184659
1.702219972447757e-11,0,1.702219972447757e-11,0.7277147940904642,1.702219972447757e-11,0.1566752436613666,1.702219972447757e-11,0.0005700199917502756,1.702219972447757e-11,0.9705645188007411
2.382246200382436e-11,0,2.382246200382436e-11,0.7183599141359039,2.382246200382436e-11,0.1747330578572004,2.382246200382436e-11,0.0003078551518591984,2.382246200382436e-11,0.9798955156397333
3.319962133451716e-11,0,3.319962133451716e-11,0.7089458372595014,3.319962133451716e-11,0.1922783804860028,3.319962133451716e-11,0.0001705235196128311,3.319962133451716e-11,0.987315888454665
4.553491965499709e-11,0,4.553491965499709e-11,0.6997876787186318,4.553491965499709e-11,0.2078074193512859,4.553491965499709e-11,5.755699036910205e-05,4.553491965499709e-11,0.9921554801938404
6.05365583828995e-11,0,6.05365583828995e-11,0.6913308079362208,6.05365583828995e-11,0.2204600555839415,6.05365583828995e-11,3.57645388638295e-05,6.05365583828995e-11,0.9949349357728229
7.946759698026558e-11,0,7.946759698026558e-11,0.6830153656935203,7.946759698026558e-11,0.2314138127562952,7.946759698026558e-11,3.676407580763746e-06,7.946759698026558e-11,0.9965738445184311
1e-10,0,1e-10,0.6757877330044652,1e-10,0.2399046674095376,1e-10,1.08384398587638e-05,1e-10,0.9974997046144891
1.330572525818354e-10,0,1.330572525818354e-10,0.6673769924390606,1.330572525818354e-10,0.248456245635164,1.330572525818354e-10,2.876454802380765e-06,1.330572525818354e-10,0.9981552043811086
1.839552998670578e-10,0,1.839552998670578e-10,0.6559303608463971,1.839552998670578e-10,0.2593589334459677,1.839552998670578e-10,-3.468909843025216e-07,1.839552998670578e-10,0.998796867589028
2.313412220014165e-10,0,2.313412220014165e-10,0.6474825526630956,2.313412220014165e-10,0.266480520099786,2.313412220014165e-10,8.667842466150947e-07,2.313412220014165e-10,0.9990498810238673
3.261130662701338e-10,0,3.261130662701338e-10,0.6338878030509743,3.261130662701338e-10,0.2766946484862765,3.261130662701338e-10,4.296789339679038e-07,3.261130662701338e-10,0.9993606909551249
4.358293800845704e-10,0,4.358293800845704e-10,0.6214929760068622,4.358293800845704e-10,0.2847622085919862,4.358293800845704e-10,1.398481646907525e-06,4.358293800845704e-10,0.9995078902070353
6.021446850794735e-10,0,6.021446850794735e-10,0.6063023379540529,6.021446850794735e-10,0.2933737820374684,6.021446850794735e-10,1.360471986091836e-06,6.021446850794735e-10,0.9996426360792036
8.179551942630544e-10,0,8.179551942630544e-10,0.5903453615448544,8.179551942630544e-10,0.3010684344359255,8.179551942630544e-10,2.107390980107152e-06,8.179551942630544e-10,0.9997173784460788
1.136397524916521e-09,0,1.136397524916521e-09,0.5711251439684297,1.136397524916521e-09,0.308850854381511,1.136397524916521e-09,2.060490713272109e-06,1.136397524916521e-09,0.9997851126150117
1.566230484235737e-09,0,1.566230484235737e-09,0.5499943125152685,1.566230484235737e-09,0.3158584498307561,1.566230484235737e-09,2.662306035818434e-06,1.566230484235737e-09,0.9998199742680802
1.983115242117869e-09,0,1.983115242117869e-09,0.5328564489059426,1.983115242117869e-09,0.3205426342057988,1.983115242117869e-09,2.511934779467719e-06,1.983115242117869e-09,0.999847425040679
2.4e-09,0,2.4e-09,0.5179447378174008,2.4e-09,0.3240005300174339,2.4e-09,2.933972463475571e-06,2.4e-09,0.999856055586174
2.408585981791014e-09,0.1717196358202654,2.408585981791014e-09,0.5192770760218793,2.408585981791014e-09,0.3261039350386863,2.408585981791014e-09,0.0004391398339280892,2.408585981791014e-09,1.002969051177328
2.418190385854416e-09,0.3638077170883163,2.418190385854416e-09,0.5176094934217569,2.418190385854416e-09,0.3286917147202342,2.418190385854416e-09,0.001234503802231719,2.418190385854416e-09,1.003545474432246
2.424001387865133e-09,0.4800277573026513,2.424001387865133e-09,0.507176559831759,2.424001387865133e-09,0.3314241447054015,2.424001387865133e-09,0.003753090203230569,2.424001387865133e-09,1.003071180355672
2.432223910787853e-09,0.6444782157570537,2.432223910787853e-09,0.4549700755603049,2.432223910787853e-09,0.3460235064131186,2.432223910787853e-09,0.01048319045452427,2.432223910787853e-09,0.9961333496621696
2.438606634376338e-09,0.7721326875267478,2.438606634376338e-09,0.3744293132220812,2.438606634376338e-09,0.3746426361691938,2.438606634376338e-09,0.01643552825510258,2.438606634376338e-09,0.9813736757779532
2.444303317188169e-09,0.8860663437633701,2.444303317188169e-09,0.273739136925961,2.444303317188169e-09,0.4156230032610206,2.444303317188169e-09,0.02080331072309527,2.444303317188169e-09,0.9631983394242383
2.45e-09,1,2.45e-09,0.1669439298949413,2.45e-09,0.4674819437753365,2.45e-09,0.01981821491119954,2.45e-09,0.9445528819769411
2.451347201310993e-09,1,2.451347201310993e-09,0.1449083594581649,2.451347201310993e-09,0.4790205080554097,2.451347201310993e-09,0.01789427263215391,2.451347201310993e-09,0.9414140474407415
2.453559285637879e-09,1,2.453559285637879e-09,0.1119737880061109,2.453559285637879e-09,0.4966078254891287,2.453559285637879e-09,0.01498514639905089,2.453559285637879e-09,0.9386538954445536
2.455547879292418e-09,1,2.455547879292418e-09,0.08785390952472587,2.455547879292418e-09,0.5104398266863709,2.455547879292418e-09,0.01260081107539194,2.455547879292418e-09,0.9393114388965323
2.459341990034379e-09,1,2.459341990034379e-09,0.05383272988891638,2.459341990034379e-09,0.5329085466938294,2.459341990034379e-09,0.008514025870705077,2.459341990034379e-09,0.9443565297664291
2.46389457799357e-09,1,2.46389457799357e-09,0.02895967180509657,2.46389457799357e-09,0.5546618067484629,2.46389457799357e-09,0.004992901599625678,2.46389457799357e-09,0.9529512447165186
2.469619879699506e-09,1,2.469619879699506e-09,0.01282762065110749,2.469619879699506e-09,0.5762758624397005,2.469619879699506e-09,0.002455351272772281,2.469619879699506e-09,0.9632184905511791
2.475555843069218e-09,1,2.475555843069218e-09,0.005520313625356332,2.475555843069218e-09,0.593825891752231,2.475555843069218e-09,0.001193592495548507,2.475555843069218e-09,0.9715363947703241
2.482407865047264e-09,1,2.482407865047264e-09,0.00211397766898208,2.482407865047264e-09,0.6097584449614648,2.482407865047264e-09,0.0005550181317830186,2.482407865047264e-09,0.9782860797390702
2.490687655516181e-09,1,2.490687655516181e-09,0.0007065427111226862,2.490687655516181e-09,0.6246721970537814,2.490687655516181e-09,0.000251084966850865,2.490687655516181e-09,0.9836236786014931
2.501918764587552e-09,1,2.501918764587552e-09,0.000193255632217669,2.501918764587552e-09,0.6397920108632925,2.501918764587552e-09,0.0001123676073152098,2.501918764587552e-09,0.9880026447021422
2.518014900222955e-09,1,2.518014900222955e-09,6.664595025939103e-05,2.518014900222955e-09,0.6549237134658702,2.518014900222955e-09,5.219846469409348e-05,2.518014900222955e-09,0.991424209013914
2.539671746908332e-09,1,2.539671746908332e-09,3.154998292783382e-05,2.539671746908332e-09,0.6679254935923088,2.539671746908332e-09,2.689594783570336e-05,2.539671746908332e-09,0.9936825039394745
2.566870554263624e-09,1,2.566870554263624e-09,1.786337454839741e-05,2.566870554263624e-09,0.6773603124484433,2.566870554263624e-09,1.372617353855269e-05,2.566870554263624e-09,0.9949924582400268
2.601385863693034e-09,1,2.601385863693034e-09,8.370237359579404e-06,2.601385863693034e-09,0.6833914525011618,2.601385863693034e-09,8.113067566311439e-06,2.601385863693034e-09,0.9956972380011049
2.645138567593423e-09,1,2.645138567593423e-09,7.744724490972554e-06,2.645138567593423e-09,0.6865097111615682,2.645138567593423e-09,5.169426410580831e-06,2.645138567593423e-09,0.9960280818823606
2.700875177669945e-09,1,2.700875177669945e-09,4.23637839175942e-06,2.700875177669945e-09,0.687703711408616,2.700875177669945e-09,4.509324418356655e-06,2.700875177669945e-09,0.9961458346168215
2.774145595694074e-09,1,2.774145595694074e-09,6.408620499399195e-06,2.774145595694074e-09,0.687997415691692,2.774145595694074e-09,4.048299321622392e-06,2.774145595694074e-09,0.996177140492956
2.877924822263164e-09,1,2.877924822263164e-09,4.244948918080504e-06,2.877924822263164e-09,0.6880371916648225,2.877924822263164e-09,4.282528328077581e-06,2.877924822263164e-09,0.9961821319231022
3.047682540858829e-09,1,3.047682540858829e-09,5.853112512051091e-06,3.047682540858829e-09,0.6880173111124792,3.047682540858829e-09,3.974672259186128e-06,3.047682540858829e-09,0.9961771170023901
3.385923702009062e-09,1,3.385923702009062e-09,4.456241086024887e-06,3.385923702009062e-09,0.6880231855575166,3.385923702009062e-09,4.303972562653472e-06,3.385923702009062e-09,0.9961793406551552
4.062406024309529e-09,1,4.062406024309529e-09,5.906297881755636e-06,4.062406024309529e-09,0.6880193132413357,4.062406024309529e-09,3.976600653583883e-06,4.062406024309529e-09,0.9961775081999297
4.481203012154765e-09,1,4.481203012154765e-09,4.487136001465718e-06,4.481203012154765e-09,0.6880220970897546,4.481203012154765e-09,4.305011180497324e-06,4.481203012154765e-09,0.996179083999676
4.9e-09,1,4.9e-09,5.860534159061992e-06,4.9e-09,0.6880202829553196,4.9e-09,3.975983990649779e-06,4.9e-09,0.9961777857982783
4.908987634981978e-09,0.8202473003604378,4.908987634981978e-09,-0.002750166783403837,4.908987634981978e-09,0.6821167047129167,4.908987634981978e-09,-0.0007467944238191309,4.908987634981978e-09,0.9968296972999113
4.918901240734567e-09,0.6219751853086571,4.918901240734567e-09,-0.005246646478908943,4.918901240734567e-09,0.6767605959507368,4.918901240734567e-09,-0.0009181808441784966,4.918901240734567e-09,0.997416341690354
4.934450620367284e-09,0.3109875926543241,4.934450620367284e-09,-0.009946339503125606,4.934450620367284e-09,0.6693888977193478,4.934450620367284e-09,-0.000504932452769379,4.934450620367284e-09,0.997068712488962
4.95e-09,7.66053886991358e-15,4.95e-09,-0.01444398765670436,4.95e-09,0.662749829674824,4.95e-09,-0.0003112417144319215,4.95e-09,0.9951948804921181
4.951822636561586e-09,0,4.951822636561586e-09,-0.01443008587035719,4.951822636561586e-09,0.6623867635772694,4.951822636561586e-09,6.182322753712051e-05,4.951822636561586e-09,0.9964740044436065
4.955244542585899e-09,0,4.955244542585899e-09,-0.01442332249298999,4.955244542585899e-09,0.6616863490622084,4.955244542585899e-09,0.0001757502283009711,4.955244542585899e-09,0.998066907125562
4.958763361410729e-09,0,4.958763361410729e-09,-0.01442694726336329,4.958763361410729e-09,0.6609502655874316,4.958763361410729e-09,4.751574427892748e-05,4.958763361410729e-09,0.9988839768982913
4.965800999060389e-09,0,4.965800999060389e-09,-0.01442378927419602,4.965800999060389e-09,0.6594867229415359,4.965800999060389e-09,3.498578824730116e-05,4.965800999060389e-09,0.9996496884258927
4.977168476948398e-09,0,4.977168476948398e-09,-0.01441979861834073,4.977168476948398e-09,0.6571899087376507,4.977168476948398e-09,-9.485649743886456e-06,4.977168476948398e-09,0.9998907839401617
4.988584238474199e-09,0,4.988584238474199e-09,-0.01441286070519835,4.988584238474199e-09,0.6549914055793795,4.988584238474199e-09,1.452881128533105e-05,4.988584238474199e-09,0.9999081999783042
5.000000000000001e-09,0,5.000000000000001e-09,-0.01440777804310612,5.000000000000001e-09,0.6528950587429935,5.000000000000001e-09,-4.621272178729786e-06,5.000000000000001e-09,0.9999006888377586
5.022831523051604e-09,0,5.022831523051604e-09,-0.01439563595907601,5.022831523051604e-09,0.6491243516819266,5.022831523051604e-09,3.475094593674795e-06,5.022831523051604e-09,0.999909022380626
5.068494569154811e-09,0,5.068494569154811e-09,-0.01437205665503984,5.068494569154811e-09,0.6420767034063888,5.068494569154811e-09,3.791528993696589e-06,5.068494569154811e-09,0.9999157706927235
5.100000000000001e-09,0,5.100000000000001e-09,-0.01435583414027349,5.100000000000001e-09,0.6377409610285026,5.100000000000001e-09,3.576468780680231e-06,5.100000000000001e-09,0.9999191404945648
5.16301086169038e-09,0,5.16301086169038e-09,-0.01432347640827995,5.16301086169038e-09,0.6304711983112008,5.16301086169038e-09,3.65566949472016e-06,5.16301086169038e-09,0.9999241297354645
5.289032585071139e-09,0,5.289032585071139e-09,-0.01425894504622657,5.289032585071139e-09,0.6173056083787551,5.289032585071139e-09,3.640870394028015e-06,5.289032585071139e-09,0.9999306597416291
5.433152902855199e-09,0,5.433152902855199e-09,-0.01418557374273719,5.433152902855199e-09,0.6048986451976825,5.433152902855199e-09,3.641839870434799e-06,5.433152902855199e-09,0.9999350556449972
5.721393538423318e-09,0,5.721393538423318e-09,-0.01404018742219578,5.721393538423318e-09,0.5847245270814571,5.721393538423318e-09,3.632833840592498e-06,5.721393538423318e-09,0.9999401866505022
6.073616310040698e-09,0,6.073616310040698e-09,-0.0138649491399974,6.073616310040698e-09,0.5650802338970914,6.073616310040698e-09,3.636410530585777e-06,6.073616310040698e-09,0.9999434614533277
6.57480750785034e-09,0,6.57480750785034e-09,-0.0136200876487223,6.57480750785034e-09,0.542376180418857,6.57480750785034e-09,3.6308057714901e-06,6.57480750785034e-09,0.999946354529302
6.98740375392517e-09,0,6.98740375392517e-09,-0.01342238637268862,6.98740375392517e-09,0.5267130030357641,6.98740375392517e-09,3.635153136895308e-06,6.98740375392517e-09,0.9999477849089778
7.4e-09,0,7.4e-09,-0.01322810027598071,7.4e-09,0.5129072784852763,7.4e-09,3.630735160594485e-06,7.4e-09,0.999948982226488
7.408558480285162e-09,0.1711696057032298,7.408558480285162e-09,-0.01088541382729151,7.408558480285162e-09,0.5144397622537936,7.408558480285162e-09,0.0004126692572932289,7.408558480285162e-09,1.003089937130233
7.418153940214855e-09,0.363078804297066,7.418153940214855e-09,-0.007051601766365155,7.418153940214855e-09,0.5160619119748903,7.418153940214855e-09,0.0003556775473589523,7.418153940214855e-09,1.003608142761214
7.434076970107427e-09,0.6815394021485085,7.434076970107427e-09,0.001218308667053045,7.434076970107427e-09,0.5197424759018885,7.434076970107427e-09,0.0006226686507022949,7.434076970107427e-09,1.002168424425031
7.442038485053714e-09,0.8407697010742463,7.442038485053714e-09,0.003768216074459318,7.442038485053714e-09,0.5273560889886857,7.442038485053714e-09,0.0006948532984291522,7.442038485053714e-09,0.9984397551654308
7.45e-09,0.9999999999999841,7.45e-09,0.004124220179448993,7.45e-09,0.5533699385169901,7.45e-09,0.0003612787120606926,7.45e-09,0.9831027652456723
7.451686015046527e-09,1,7.451686015046527e-09,0.003204179766009129,7.451686015046527e-09,0.5603213818930819,7.451686015046527e-09,-2.598760531056366e-05,7.451686015046527e-09,0.9791840601406936
7.454422523408583e-09,1,7.454422523408583e-09,0.001991856333576611,7.454422523408583e-09,0.5708639957784183,7.454422523408583e-09,-6.795059726216904e-05,7.454422523408583e-09,0.975086316153875
7.456856065945001e-09,1,7.456856065945001e-09,0.001346860058380183,7.456856065945001e-09,0.5791613034532604,7.456856065945001e-09,0.0001617161665020219,7.456856065945001e-09,0.9741503910131716
7.461723151017837e-09,1,7.461723151017837e-09,0.0006905105429418279,7.461723151017837e-09,0.59341660092997,7.461723151017837e-09,0.0002256903288609718,7.461723151017837e-09,0.9752707555834917
7.467406132384212e-09,1,7.467406132384212e-09,0.0003999302564272604,7.467406132384212e-09,0.6069857762027187,7.467406132384212e-09,0.0002505622163557593,7.467406132384212e-09,0.9785812215209648
7.475901915004713e-09,1,7.475901915004713e-09,0.0002381295788866647,7.475901915004713e-09,0.6229277881419466,7.475901915004713e-09,0.0001648250197606446,7.475901915004713e-09,0.983288256476426
7.486786522720588e-09,1,7.486786522720588e-09,0.0001462140499224834,7.486786522720588e-09,0.638115663049884,7.486786522720588e-09,0.0001204241824746517,7.486786522720588e-09,0.9876012703338874
7.50431300716525e-09,1,7.50431300716525e-09,6.861741981350122e-05,7.50431300716525e-09,0.6549723619602013,7.50431300716525e-09,4.252071747514007e-05,7.50431300716525e-09,0.9914330432876429
7.525341646659085e-09,1,7.525341646659085e-09,3.223634637896543e-05,7.525341646659085e-09,0.6676509805881078,7.525341646659085e-09,3.604061328760575e-05,7.525341646659085e-09,0.9936442960446064
7.552502400512212e-09,1,7.552502400512212e-09,1.757127492986174e-05,7.552502400512212e-09,0.6772021820313925,7.552502400512212e-09,5.895570848048332e-06,7.552502400512212e-09,0.9949670614679743
7.586327333315554e-09,1,7.586327333315554e-09,9.184229737424499e-06,7.586327333315554e-09,0.6832338368719705,7.586327333315554e-09,1.577867971462616e-05,7.586327333315554e-09,0.9956860383640496
7.630020990841196e-09,1,7.630020990841196e-09,7.089748173471291e-06,7.630020990841196e-09,0.6864537134527979,7.630020990841196e-09,-1.967521011179731e-06,7.630020990841196e-09,0.9960160730248729
7.685319927225561e-09,1,7.685319927225561e-09,4.991674891683969e-06,7.685319927225561e-09,0.6876864502472314,7.685319927225561e-09,1.145146232862699e-05,7.685319927225561e-09,0.9961505482323397
7.758022923435188e-09,1,7.758022923435188e-09,5.651156277978026e-06,7.758022923435188e-09,0.6879944215661549,7.758022923435188e-09,-2.696646425761716e-06,7.758022923435188e-09,0.9961703731081517
7.8610767671403e-09,1,7.8610767671403e-09,4.792913580182744e-06,7.8610767671403e-09,0.6880359565353273,7.8610767671403e-09,1.091087742790006e-05,7.8610767671403e-09,0.9961893012226676
8.026521152260867e-09,1,8.026521152260867e-09,5.569191201286161e-06,8.026521152260867e-09,0.6880192561787516,8.026521152260867e-09,-2.587643876805925e-06,8.026521152260867e-09,0.9961698176132523
8.357409922502001e-09,1,8.357409922502001e-09,4.818499469744264e-06,8.357409922502001e-09,0.6880223037574603,8.357409922502001e-09,1.084786700008582e-05,8.357409922502001e-09,0.9961868538789257
9.01918746298427e-09,1,9.01918746298427e-09,5.664257286872998e-06,9.01918746298427e-09,0.6880198208602289,9.01918746298427e-09,-2.555069799929622e-06,9.01918746298427e-09,0.9961700627221912
9.459593731492134e-09,1,9.459593731492134e-09,4.702669654169944e-06,9.459593731492134e-09,0.688021879437211,9.459593731492134e-09,1.081593963754746e-05,9.459593731492134e-09,0.9961865061897865
9.899999999999999e-09,1,9.899999999999999e-09,5.638241742149432e-06,9.899999999999999e-09,0.6880203142601304,9.899999999999999e-09,-2.514294160219895e-06,9.899999999999999e-09,0.9961703905200003
9.909192807927461e-09,0.8161438414508073,9.909192807927461e-09,-0.002787378959346092,9.909192807927461e-09,0.6819986676432567,9.909192807927461e-09,-0.000750688444576256,9.909192807927461e-09,0.996842935836793
9.919256984721496e-09,0.6148603055700956,9.919256984721496e-09,-0.005318921186549189,9.919256984721496e-09,0.6765824565620185,9.919256984721496e-09,-0.0009151154258602355,9.919256984721496e-09,0.9974225269702564
9.934628492360747e-09,0.3074301527850765,9.934628492360747e-09,-0.009969461965338626,9.934628492360747e-09,0.6693116530378342,9.934628492360747e-09,-0.0004998452060309755,9.934628492360747e-09,0.9970531788542051
9.95e-09,2.420286193682841e-14,9.95e-09,-0.01441406479608775,9.95e-09,0.6627521597846856,9.95e-09,-0.0003127422313563841,9.95e-09,0.995191674064844
9.951813552520568e-09,0,9.951813552520568e-09,-0.01440015636233379,9.951813552520568e-09,0.6623909767520354,9.951813552520568e-09,6.122475536982026e-05,9.951813552520568e-09,0.9964677115438255
9.955224169040907e-09,0,9.955224169040907e-09,-0.01439335301029021,9.955224169040907e-09,0.6616929342544513,9.955224169040907e-09,0.0001763289938795411,9.955224169040907e-09,0.9980598473924485
9.958719233372272e-09,0,9.958719233372272e-09,-0.01439699054564383,9.958719233372272e-09,0.6609618087730216,9.958719233372272e-09,4.818360441271306e-05,9.958719233372272e-09,0.998875744528623
9.965709362035004e-09,0,9.965709362035004e-09,-0.01439388616120948,9.965709362035004e-09,0.6595078643373107,9.965709362035004e-09,3.518322327371879e-05,9.965709362035004e-09,0.9996442911297908
9.977036973291179e-09,0,9.977036973291179e-09,-0.01438993251967808,9.977036973291179e-09,0.6572180070989592,9.977036973291179e-09,-9.337520656005826e-06,9.977036973291179e-09,0.9998902225172847
9.988518486645591e-09,0,9.988518486645591e-09,-0.01438298485457602,9.988518486645591e-09,0.6550057819010482,9.988518486645591e-09,1.445765242574933e-05,9.988518486645591e-09,0.9999081619405862
1e-08,0,1e-08,-0.01437787825050628,1e-08,0.6528969742234054,1e-08,-4.582569753407625e-06,1e-08,0.9999007077978046
1.002296302670882e-08,0,1.002296302670882e-08,-0.01436569955937017,1.002296302670882e-08,0.6491060429114416,1.002296302670882e-08,3.477498911318672e-06,1.002296302670882e-08,0.9999090429854575
1.006888908012646e-08,0,1.006888908012646e-08,-0.0143420442101004,1.006888908012646e-08,0.6420227704659468,1.006888908012646e-08,3.79007231777204e-06,1.006888908012646e-08,0.9999158159741267
1.01e-08,0,1.01e-08,-0.01432606500534617,1.01e-08,0.6377435802083706,1.01e-08,3.578164381485713e-06,1.01e-08,0.9999191394729894
1.016222183974708e-08,0,1.016222183974708e-08,-0.01429419116195884,1.016222183974708e-08,0.630554159840354,1.016222183974708e-08,3.65576657755516e-06,1.016222183974708e-08,0.9999240780878205
1.028666551924125e-08,0,1.028666551924125e-08,-0.01423062250483753,1.028666551924125e-08,0.6175228738720318,1.028666551924125e-08,3.641026026810428e-06,1.028666551924125e-08,0.9999305645312113
1.043017762134409e-08,0,1.043017762134409e-08,-0.01415773440332691,1.043017762134409e-08,0.6051289802277133,1.043017762134409e-08,3.641941874702571e-06,1.043017762134409e-08,0.9999349877031608
1.071720182554978e-08,0,1.071720182554978e-08,-0.01401329898738648,1.071720182554978e-08,0.5849801495460141,1.071720182554978e-08,3.632861993105955e-06,1.071720182554978e-08,0.999940131473499
1.106818461256898e-08,0,1.106818461256898e-08,-0.013839073746841,1.106818461256898e-08,0.5653508371807581,1.106818461256898e-08,3.63648774963839e-06,1.106818461256898e-08,0.9999434253845046
1.15672017591627e-08,0,1.15672017591627e-08,-0.0135958070014391,1.15672017591627e-08,0.5426843251062362,1.15672017591627e-08,3.630792861325196e-06,1.15672017591627e-08,0.9999463188430601
1.198360087958135e-08,0,1.198360087958135e-08,-0.01339672352720257,1.198360087958135e-08,0.5268452988960904,1.198360087958135e-08,3.63523210995211e-06,1.198360087958135e-08,0.9999477759296159
1.24e-08,0,1.24e-08,-0.01320110831065241,1.24e-08,0.5129041751817762,1.24e-08,3.630696628193242e-06,1.24e-08,0.9999489798615301
1.24085970164461e-08,0.1719403289220432,1.24085970164461e-08,-0.01084689768999515,1.24085970164461e-08,0.5144431652219781,1.24085970164461e-08,0.0004124802325306449,1.24085970164461e-08,1.003093408601332
1.241822151189621e-08,0.364430237924086,1.241822151189621e-08,-0.006989891306549636,1.241822151189621e-08,0.5160700312358698,1.241822151189621e-08,0.0003556476125266036,1.241822151189621e-08,1.003602736565183
1.24341107559481e-08,0.6822151189620516,1.24341107559481e-08,0.001250618660346098,1.24341107559481e-08,0.5197554457391452,1.24341107559481e-08,0.0006252186060685338,1.24341107559481e-08,1.002164075997367
1.244205537797405e-08,0.841107559481051,1.244205537797405e-08,0.003777778606183298,1.244205537797405e-08,0.5273809033830076,1.244205537797405e-08,0.0006953304568041074,1.244205537797405e-08,0.9984229879470965
1.245e-08,1,1.245e-08,0.004126047002150153,1.245e-08,0.5533624161748424,1.245e-08,0.000361273346426611,1.245e-08,0.9831001016685317
1.245168478459517e-08,1,1.245168478459517e-08,0.003206148318412903,1.245168478459517e-08,0.5603097355494219,1.245168478459517e-08,-2.584504640205508e-05,1.245168478459517e-08,0.979183105788588
1.245441776437487e-08,1,1.245441776437487e-08,0.001994369780598545,1.245441776437487e-08,0.5708409740106929,1.245441776437487e-08,-6.800094207246356e-05,1.245441776437487e-08,0.9750874419035249
1.245684836392473e-08,1,1.245684836392473e-08,0.001349131344388471,1.245684836392473e-08,0.5791311173937727,1.245684836392473e-08,0.0001614897766372332,1.245684836392473e-08,0.9741488370638867
1.246170956302445e-08,1,1.246170956302445e-08,0.0006920118434931611,1.246170956302445e-08,0.5933761544463971,1.246170956302445e-08,0.0002256885587247387,1.246170956302445e-08,0.9752625051459854
1.246738981951618e-08,1,1.246738981951618e-08,0.0004006069059916649,1.246738981951618e-08,0.6069470947344093,1.246738981951618e-08,0.0002506913819248707,1.246738981951618e-08,0.9785699560017581
1.247587981300021e-08,1,1.247587981300021e-08,0.0002384406558067031,1.247587981300021e-08,0.6228890314474598,1.247587981300021e-08,0.0001650132475958434,1.247587981300021e-08,0.9832765705072821
1.248675473943626e-08,1,1.248675473943626e-08,0.000146434841080776,1.248675473943626e-08,0.6380757689838461,1.248675473943626e-08,0.0001205853154511611,1.248675473943626e-08,0.9875909283877519
1.250427279740718e-08,1,1.250427279740718e-08,6.873239039707188e-05,1.250427279740718e-08,0.6549404743526236,1.250427279740718e-08,4.260277510882921e-05,1.250427279740718e-08,0.9914268058543683
1.252529008871254e-08,1,1.252529008871254e-08,3.228757300830174e-05,1.252529008871254e-08,0.6676260594601141,1.252529008871254e-08,3.607862053494814e-05,1.252529008871254e-08,0.993640465451942
1.255243660991119e-08,1,1.255243660991119e-08,1.759420146975531e-05,1.255243660991119e-08,0.6771849787223394,1.255243660991119e-08,5.9170476911961e-06,1.255243660991119e-08,0.9949649002776767
1.25862421877397e-08,1,1.25862421877397e-08,9.195515015489971e-06,1.25862421877397e-08,0.6832235758176897,1.25862421877397e-08,1.578564127655071e-05,1.25862421877397e-08,0.9956849114361322
1.262991271963313e-08,1,1.262991271963313e-08,7.093394307976681e-06,1.262991271963313e-08,0.6864491564392737,1.262991271963313e-08,-1.96164369591593e-06,1.262991271963313e-08,0.996015609729144
1.268518078651155e-08,1,1.268518078651155e-08,4.993462107228925e-06,1.268518078651155e-08,0.6876850470181416,1.268518078651155e-08,1.145026725926317e-05,1.268518078651155e-08,0.9961504083224489
1.275783466530578e-08,1,1.275783466530578e-08,5.650816736201647e-06,1.275783466530578e-08,0.6879941987743091,1.275783466530578e-08,-2.69416224882959e-06,1.275783466530578e-08,0.9961703516372939
1.286079416227987e-08,1,1.286079416227987e-08,4.793482652332417e-06,1.286079416227987e-08,0.6880359939336517,1.286079416227987e-08,1.090859579240604e-05,1.286079416227987e-08,0.9961893154355341
1.302602707190454e-08,1,1.302602707190454e-08,5.568314733812798e-06,1.302602707190454e-08,0.6880192656302661,1.302602707190454e-08,-2.585395341164851e-06,1.302602707190454e-08,0.9961698127340067
1.335649289115387e-08,1,1.335649289115387e-08,4.819279339579655e-06,1.335649289115387e-08,0.688022300428876,1.335649289115387e-08,1.084560369150206e-05,1.335649289115387e-08,0.996186859955408
1.401742452965254e-08,1,1.401742452965254e-08,5.662973493388339e-06,1.401742452965254e-08,0.6880198235607612,1.401742452965254e-08,-2.552780543767165e-06,1.401742452965254e-08,0.9961700570160662
1.445871226482627e-08,1,1.445871226482627e-08,4.703876686378975e-06,1.445871226482627e-08,0.6880218780296417,1.445871226482627e-08,1.081371485546594e-05,1.445871226482627e-08,0.9961865119929683
1.49e-08,1,1.49e-08,5.637067513157552e-06,1.49e-08,0.688020314894528,1.49e-08,-2.512139914013879e-06,1.49e-08,0.9961703846735375
1.490920106589269e-08,0.8159786821462077,1.490920106589269e-08,-0.002788883854151704,1.490920106589269e-08,0.6819939298201005,1.490920106589269e-08,-0.0007508303750387004,1.490920106589269e-08,0.9968434734330175
1.49192712689328e-08,0.6145746213440526,1.49192712689328e-08,-0.005321844088050209,1.49192712689328e-08,0.6765753199996851,1.49192712689328e-08,-0.0009149989298985348,1.49192712689328e-08,0.9974227510424242
1.49346356344664e-08,0.3072873106720219,1.49346356344664e-08,-0.009970428359966855,1.49346356344664e-08,0.6693085555840904,1.49346356344664e-08,-0.0004996285563991111,1.49346356344664e-08,0.9970525606056231
1.495e-08,0,1.495e-08,-0.01441288487114664,1.495e-08,0.6627522546706935,1.495e-08,-0.0003128160545144917,1.495e-08,0.995191539112947
1.495181318201826e-08,0,1.495181318201826e-08,-0.01439897567820523,1.495181318201826e-08,0.6623911486118469,1.495181318201826e-08,6.1197004039088e-05,1.495181318201826e-08,0.9964674552997898
1.495522333400492e-08,0,1.495522333400492e-08,-0.01439217049971952,1.495522333400492e-08,0.6616932037446566,1.495522333400492e-08,0.0001763536682874397,1.495522333400492e-08,0.9980595591308263
1.495871743773218e-08,0,1.495871743773218e-08,-0.01439580861113066,1.495871743773218e-08,0.6609622787350384,1.495871743773218e-08,4.82104156001948e-05,1.495871743773218e-08,0.9988754086209883
1.496570564518671e-08,0,1.496570564518671e-08,-0.01439270635097456,1.496570564518671e-08,0.659508722521297,1.496570564518671e-08,3.519168109857246e-05,1.496570564518671e-08,0.99964407088479
1.497703160023805e-08,0,1.497703160023805e-08,-0.01438875424432332,1.497703160023805e-08,0.6572191553525839,1.497703160023805e-08,-9.331742590775122e-06,1.497703160023805e-08,0.9998901986525981
1.498851580011903e-08,0,1.498851580011903e-08,-0.01438180613776586,1.498851580011903e-08,0.655006369252,1.498851580011903e-08,1.445499891512967e-05,1.498851580011903e-08,0.9999081606079141
1.5e-08,0,1.5e-08,-0.01437669856011877,1.5e-08,0.652897052333189,1.5e-08,-4.581185743118425e-06,1.5e-08,0.9999007084564797
1.502296839976196e-08,0,1.502296839976196e-08,-0.01436451832878305,1.502296839976196e-08,0.6491052950252216,1.502296839976196e-08,3.477591996332354e-06,1.502296839976196e-08,0.9999090438263258
1.506890519928586e-08,0,1.506890519928586e-08,-0.01434085980246256,1.506890519928586e-08,0.642020568021023,1.506890519928586e-08,3.790014598220679e-06,1.506890519928586e-08,0.9999158178240537
1.51e-08,0,1.51e-08,-0.01432489046067756,1.51e-08,0.6377436870554772,1.51e-08,3.578232087013502e-06,1.51e-08,0.9999191394299189
1.516218960142828e-08,0,1.516218960142828e-08,-0.01429303623284963,1.516218960142828e-08,0.6305575541229438,1.516218960142828e-08,3.655770503593196e-06,1.516218960142828e-08,0.9999240759726801
1.528656880428485e-08,0,1.528656880428485e-08,-0.0142295066022931,1.528656880428485e-08,0.6175317680756287,1.528656880428485e-08,3.641032405178444e-06,1.528656880428485e-08,0.9999305606266287
1.543005580049516e-08,0,1.543005580049516e-08,-0.01415663808466803,1.543005580049516e-08,0.6051384285007382,1.543005580049516e-08,3.641945982931202e-06,1.543005580049516e-08,0.9999349849043587
1.571702979291578e-08,0,1.571702979291578e-08,-0.01401224120714474,1.571702979291578e-08,0.5849906590144308,1.571702979291578e-08,3.632863176830544e-06,1.571702979291578e-08,0.9999401292031385
1.606796147074015e-08,0,1.606796147074015e-08,-0.01383805690440106,1.606796147074015e-08,0.5653619719082978,1.606796147074015e-08,3.636490811874311e-06,1.606796147074015e-08,0.9999434238933724
1.656688895786337e-08,0,1.656688895786337e-08,-0.01359485476581917,1.656688895786337e-08,0.5426970186077459,1.656688895786337e-08,3.630792371493197e-06,1.656688895786337e-08,0.9999463173737393
1.698344447893169e-08,0,1.698344447893169e-08,-0.01339571380095554,1.698344447893169e-08,0.526850744015078,1.698344447893169e-08,3.635235224302839e-06,1.698344447893169e-08,0.9999477755565666
1.74e-08,0,1.74e-08,-0.01320004329964556,1.74e-08,0.5129040480129734,1.74e-08,3.630695107580624e-06,1.74e-08,0.9999489797670091
1.740859858378017e-08,0.1719716756033243,1.740859858378017e-08,-0.01084536333940789,1.740859858378017e-08,0.5144433026536598,1.740859858378017e-08,0.0004124725495778073,1.740859858378017e-08,1.003093549025416
1.741822424896486e-08,0.3644849792971018,1.741822424896486e-08,-0.006987416328300825,1.741822424896486e-08,0.5160703587027207,1.741822424896486e-08,0.0003556464204979375,1.741822424896486e-08,1.003602516667163
1.743411212448243e-08,0.6822424896485429,1.743411212448243e-08,0.001251913640783514,1.743411212448243e-08,0.519755971609221,1.743411212448243e-08,0.0006253206903642079,1.743411212448243e-08,1.002163899146308
1.744205606224121e-08,0.8411212448242635,1.744205606224121e-08,0.003778160260324282,1.744205606224121e-08,0.5273819089105393,1.744205606224121e-08,0.0006953492033759218,1.744205606224121e-08,0.9984223077932811
1.745e-08,1,1.745e-08,0.004126119402956832,1.745e-08,0.5533621112241522,1.745e-08,0.0003612727896333979,1.745e-08,0.9830999934388953
1.745168473474244e-08,1,1.745168473474244e-08,0.003206226785299689,1.745168473474244e-08,0.5603092635019822,1.745168473474244e-08,-2.583948506676052e-05,1.745168473474244e-08,0.9791830669222655
1.7454417571543e-08,1,1.7454417571543e-08,0.001994470798477237,1.7454417571543e-08,0.5708400409362793,1.7454417571543e-08,-6.80030940504607e-05,1.7454417571543e-08,0.9750874875414495
1.745684805184107e-08,1,1.745684805184107e-08,0.001349222838567821,1.745684805184107e-08,0.5791298939116117,1.745684805184107e-08,0.0001614805066599474,1.745684805184107e-08,0.9741487742362377
1.746170901243722e-08,1,1.746170901243722e-08,0.0006920724637391022,1.746170901243722e-08,0.5933745149741523,1.746170901243722e-08,0.000225688431420506,1.746170901243722e-08,0.9752621709747689
1.746738915854612e-08,1,1.746738915854612e-08,0.0004006342374763089,1.746738915854612e-08,0.606945526849493,1.746738915854612e-08,0.0002506965943304598,1.746738915854612e-08,0.9785694994510242
1.747587891754226e-08,1,1.747587891754226e-08,0.0002384532440630437,1.747587891754226e-08,0.6228874605732786,1.747587891754226e-08,0.0001650208724928076,1.747587891754226e-08,0.9832760968010258
1.74867534520017e-08,1,1.74867534520017e-08,0.0001464437895956182,1.74867534520017e-08,0.6380741521917059,1.74867534520017e-08,0.000120591847905502,1.74867534520017e-08,0.9875905091422257
1.750427116856759e-08,1,1.750427116856759e-08,6.87370533357113e-05,1.750427116856759e-08,0.6549391819249754,1.750427116856759e-08,4.260610284521954e-05,1.750427116856759e-08,0.9914265529666701
1.752528800017679e-08,1,1.752528800017679e-08,3.228965072174342e-05,1.752528800017679e-08,0.6676250492948997,1.752528800017679e-08,3.608016199176914e-05,1.752528800017679e-08,0.9936403101417079
1.755243394477029e-08,1,1.755243394477029e-08,1.759513129063589e-05,1.755243394477029e-08,0.6771842812679462,1.755243394477029e-08,5.917918566743659e-06,1.755243394477029e-08,0.9949648126409785
1.758623873852851e-08,1,1.758623873852851e-08,9.195972753418634e-06,1.758623873852851e-08,0.6832231597063012,1.758623873852851e-08,1.578592378344299e-05,1.758623873852851e-08,0.9956848657312712
1.762990833355687e-08,1,1.762990833355687e-08,7.093542272062858e-06,1.762990833355687e-08,0.686448971571421,1.762990833355687e-08,-1.961405405750953e-06,1.762990833355687e-08,0.9960155909328479
1.768517515011594e-08,1,1.768517515011594e-08,4.993534593194498e-06,1.768517515011594e-08,0.687684990062758,1.768517515011594e-08,1.145021894707105e-05,1.768517515011594e-08,0.996150402643985
1.775782703977016e-08,1,1.775782703977016e-08,5.650803025013154e-06,1.775782703977016e-08,0.6879941897202615,1.775782703977016e-08,-2.694061602725683e-06,1.775782703977016e-08,0.9961703507643567
1.786078271693724e-08,1,1.786078271693724e-08,4.793505685602936e-06,1.786078271693724e-08,0.6880359954477651,1.786078271693724e-08,1.090850338129013e-05,1.786078271693724e-08,0.9961893160121378
1.802600706574225e-08,1,1.802600706574225e-08,5.568279217954359e-06,1.802600706574225e-08,0.6880192660153909,1.802600706574225e-08,-2.585304276562798e-06,1.802600706574225e-08,0.9961698125359858
1.835645576335227e-08,1,1.835645576335227e-08,4.819310936550564e-06,1.835645576335227e-08,0.6880223002932769,1.835645576335227e-08,1.084551203142385e-05,1.835645576335227e-08,0.996186860202261
1.901735315857232e-08,1,1.901735315857232e-08,5.662921382142628e-06,1.901735315857232e-08,0.6880198236705714,1.901735315857232e-08,-2.552687836449133e-06,1.901735315857232e-08,0.9961700567842304
1.945867657928616e-08,1,1.945867657928616e-08,4.703925685984668e-06,1.945867657928616e-08,0.6880218779722221,1.945867657928616e-08,1.081362475306199e-05,1.945867657928616e-08,0.9961865122287128
1.99e-08,0.9999999999999338,1.99e-08,5.637019837351209e-06,1.99e-08,0.6880203149205421,1.99e-08,-2.512052660881311e-06,1.99e-08,0.9961703844360618
1.990920140005435e-08,0.8159719989130524,1.990920140005435e-08,-0.002788944741889599,1.990920140005435e-08,0.6819937381432011,1.990920140005435e-08,-0.0007508361144601798,1.990920140005435e-08,0.9968434951680171
1.991927184691079e-08,0.6145630617841084,1.991927184691079e-08,-0.005321962397868135,1.991927184691079e-08,0.6765750312806942,1.991927184691079e-08,-0.0009149942059309082,1.991927184691079e-08,0.997422760079554
1.99346359234554e-08,0.3072815308920828,1.99346359234554e-08,-0.009970467508451805,1.99346359234554e-08,0.6693084302764133,1.99346359234554e-08,-0.0004996197906875604,1.99346359234554e-08,0.9970525355887204
1.995e-08,0,1.995e-08,-0.01441283714705103,1.995e-08,0.662752258528471,1.995e-08,-0.0003128190455809711,1.995e-08,0.9951915336521441
1.995181316702763e-08,0,1.995181316702763e-08,-0.01439892792332049,1.995181316702763e-08,0.6623911555838035,1.995181316702763e-08,6.119587991211555e-05,1.995181316702763e-08,0.9964674449320506
1.995522330021847e-08,0,1.995522330021847e-08,-0.01439212267086492,1.995522330021847e-08,0.6616932146665863,1.995522330021847e-08,0.0001763546669606384,1.995522330021847e-08,0.9980595474671452
1.995871736507441e-08,0,1.995871736507441e-08,-0.01439576080558824,1.995871736507441e-08,0.6609622977688584,1.995871736507441e-08,4.821150060123304e-05,1.995871736507441e-08,0.9988753950271333
1.996570549478629e-08,0,1.996570549478629e-08,-0.01439265863137863,1.996570549478629e-08,0.6595087572643428,1.996570549478629e-08,3.519202354293168e-05,1.996570549478629e-08,0.9996440619697723
1.997703138281255e-08,0,1.997703138281255e-08,-0.01438870658683362,1.997703138281255e-08,0.6572192018341205,1.997703138281255e-08,-9.331508753018347e-06,1.997703138281255e-08,0.9998901976860147
1.998851569140628e-08,0,1.998851569140628e-08,-0.01438175846240417,1.998851569140628e-08,0.6550063930348786,1.998851569140628e-08,1.445489154489255e-05,1.998851569140628e-08,0.999908160554089
2e-08,0,2e-08,-0.01437665084535836,2e-08,0.6528970555083038,2e-08,-4.581129739467097e-06,2e-08,0.9999007084831336
2.002296861718745e-08,0,2.002296861718745e-08,-0.01436447055168484,2.002296861718745e-08,0.6491052647751273,2.002296861718745e-08,3.477595762139112e-06,2.002296861718745e-08,0.9999090438603375
2.006890585156235e-08,0,2.006890585156235e-08,-0.01434081189678007,2.006890585156235e-08,0.6420204789106959,2.006890585156235e-08,3.790012263433612e-06,2.006890585156235e-08,0.9999158178988986
2.01e-08,0,2.01e-08,-0.01432484295404366,2.01e-08,0.6377436913896148,2.01e-08,3.578234826267095e-06,2.01e-08,0.9999191394281688
2.016218829687531e-08,0,2.016218829687531e-08,-0.01429298951984224,2.016218829687531e-08,0.6305576914928577,2.016218829687531e-08,3.65577066248243e-06,2.016218829687531e-08,0.9999240758870752
2.028656489062592e-08,0,2.028656489062592e-08,-0.01422946146827171,2.028656489062592e-08,0.6175321280236442,2.028656489062592e-08,3.641032663335779e-06,2.028656489062592e-08,0.999930560468599
2.043005087071252e-08,0,2.043005087071252e-08,-0.01415659374302995,2.043005087071252e-08,0.6051388108831356,2.043005087071252e-08,3.641946149132111e-06,2.043005087071252e-08,0.9999349847910685
2.071702283088573e-08,0,2.071702283088573e-08,-0.01401219842481516,2.071702283088573e-08,0.5849910843588043,2.071702283088573e-08,3.632863224821541e-06,2.071702283088573e-08,0.999940129111248
2.106795244050893e-08,0,2.106795244050893e-08,-0.01383801577823949,2.106795244050893e-08,0.5653624225468259,2.106795244050893e-08,3.636490935618396e-06,2.106795244050893e-08,0.9999434238330133
2.156687629919542e-08,0,2.156687629919542e-08,-0.01359481625355686,2.156687629919542e-08,0.5426975323327609,2.156687629919542e-08,3.6307923518086e-06,2.156687629919542e-08,0.9999463173142741
2.198343814959771e-08,0,2.198343814959771e-08,-0.01339567296196782,2.198343814959771e-08,0.5268509643800655,2.198343814959771e-08,3.635235350135893e-06,2.198343814959771e-08,0.9999477755414641
2.24e-08,0,2.24e-08,-0.01320000022322419,2.24e-08,0.5129040428682836,2.24e-08,3.630695046231764e-06,2.24e-08,0.9999489797631878
2.240859864720216e-08,0.1719729440431038,2.240859864720216e-08,-0.01084530127045117,2.240859864720216e-08,0.5144433082159541,2.240859864720216e-08,0.0004124722387050171,2.240859864720216e-08,1.003093554706403
2.241822435971852e-08,0.3644871943704476,2.241822435971852e-08,-0.006987316194334972,2.241822435971852e-08,0.5160703719546659,2.241822435971852e-08,0.0003556463724706821,2.241822435971852e-08,1.003602507768585
2.243411217985926e-08,0.682243597185282,2.243411217985926e-08,0.001251966032374145,2.243411217985926e-08,0.5197559928924428,2.243411217985926e-08,0.0006253248202621398,2.243411217985926e-08,1.002163891988943
2.244205608992963e-08,0.8411217985926992,2.244205608992963e-08,0.003778175700415201,2.244205608992963e-08,0.5273819496022347,2.244205608992963e-08,0.0006953499617404921,2.244205608992963e-08,0.9984222802698745
2.245e-08,1,2.245e-08,0.004126122332005917,2.245e-08,0.5533620988863815,2.245e-08,0.0003612727668556197,2.245e-08,0.9830999890594087
2.245168473272516e-08,1,2.245168473272516e-08,0.003206229959954379,2.245168473272516e-08,0.5603092444025098,2.245168473272516e-08,-2.5839260131267e-05,2.245168473272516e-08,0.9791830653497717
2.245441756374009e-08,1,2.245441756374009e-08,0.001994474885895867,2.245441756374009e-08,0.5708400031810003,2.245441756374009e-08,-6.800318114487797e-05,2.245441756374009e-08,0.9750874893888004
2.245684803921265e-08,1,2.245684803921265e-08,0.001349226540757106,2.245684803921265e-08,0.5791298444046473,2.245684803921265e-08,0.0001614801315009478,2.245684803921265e-08,0.9741487716947088
2.246170899015777e-08,1,2.246170899015777e-08,0.0006920749167563138,2.246170899015777e-08,0.5933744486335061,2.246170899015777e-08,0.0002256884262334341,2.246170899015777e-08,0.9752621574532849
2.246738913180014e-08,1,2.246738913180014e-08,0.0004006353434527403,2.246738913180014e-08,0.6069454634055916,2.246738913180014e-08,0.0002506968052324252,2.246738913180014e-08,0.9785694809770487
2.24758788813079e-08,1,2.24758788813079e-08,0.0002384537534521329,2.24758788813079e-08,0.622887397008215,2.24758788813079e-08,0.0001650211810321612,2.24758788813079e-08,0.9832760776325312
2.248675339990668e-08,1,2.248675339990668e-08,0.0001464441516995442,2.248675339990668e-08,0.6380740867687416,2.248675339990668e-08,0.0001205921122426684,2.248675339990668e-08,0.9875904921773998
2.250427110265791e-08,1,2.250427110265791e-08,6.873724202509088e-05,2.250427110265791e-08,0.6549391296271523,2.250427110265791e-08,4.260623750506954e-05,2.250427110265791e-08,0.9914265427334902
2.252528791566604e-08,1,2.252528791566604e-08,3.228973479847336e-05,2.252528791566604e-08,0.667625008418624,2.252528791566604e-08,3.608022436751891e-05,2.252528791566604e-08,0.9936403038570232
2.255243383692777e-08,1,2.255243383692777e-08,1.759516891667357e-05,2.255243383692777e-08,0.6771842530452962,2.255243383692777e-08,5.9179538077898e-06,2.255243383692777e-08,0.9949648090947109
2.25862385989594e-08,1,2.25862385989594e-08,9.195991276225051e-06,2.25862385989594e-08,0.6832231428680781,2.25862385989594e-08,1.57859352150727e-05,2.25862385989594e-08,0.9956848638817846
2.262990815607845e-08,1,2.262990815607845e-08,7.093548259684374e-06,2.262990815607845e-08,0.6864489640905074,2.262990815607845e-08,-1.961395762768541e-06,2.262990815607845e-08,0.9960155901722295
2.268517492204498e-08,1,2.268517492204498e-08,4.993537526398379e-06,2.268517492204498e-08,0.6876849877579365,2.268517492204498e-08,1.145021699183035e-05,2.268517492204498e-08,0.9961504024141941
2.275782673121175e-08,1,2.275782673121175e-08,5.650802470278648e-06,2.275782673121175e-08,0.6879941893538521,2.275782673121175e-08,-2.694057529733584e-06,2.275782673121175e-08,0.9961703507290295
2.286078225381788e-08,1,2.286078225381788e-08,4.793506617479579e-06,2.286078225381788e-08,0.6880359955090308,2.286078225381788e-08,1.090849964153833e-05,2.286078225381788e-08,0.9961893160354702
2.30260062562284e-08,1,2.30260062562284e-08,5.568277780914835e-06,2.30260062562284e-08,0.6880192660309782,2.30260062562284e-08,-2.58530059128933e-06,2.30260062562284e-08,0.9961698125279731
2.335645426104943e-08,1,2.335645426104943e-08,4.819312214978503e-06,2.335645426104943e-08,0.6880223002877891,2.335645426104943e-08,1.084550832204488e-05,2.335645426104943e-08,0.9961868602122502
2.40173502706915e-08,1,2.40173502706915e-08,5.662919273396406e-06,2.40173502706915e-08,0.6880198236750152,2.40173502706915e-08,-2.552684084667424e-06,2.40173502706915e-08,0.9961700567748489
2.445867513534575e-08,1,2.445867513534575e-08,4.703927668777338e-06,2.445867513534575e-08,0.6880218779698982,2.445867513534575e-08,1.081362110664463e-05,2.445867513534575e-08,0.9961865122382523
2.49e-08,1,2.49e-08,5.637017908236077e-06,2.49e-08,0.6880203149216155,2.49e-08,-2.512049129710688e-06,2.49e-08,0.9961703844264492
2.490920141357524e-08,0.8159717284952032,2.490920141357524e-08,-0.002788947205523581,2.490920141357524e-08,0.6819937303876286,2.490920141357524e-08,-0.0007508363466830041,2.490920141357524e-08,0.9968434960474293
2.491927187029696e-08,0.6145625940608529,2.491927187029696e-08,-0.005321967184991154,2.491927187029696e-08,0.6765750195986282,2.491927187029696e-08,-0.0009149940147729632,2.491927187029696e-08,0.9974227604451651
2.493463593514848e-08,0.3072812970303889,2.493463593514848e-08,-0.009970469092553506,2.493463593514848e-08,0.6693084252062615,2.493463593514848e-08,-0.0004996194360097229,2.493463593514848e-08,0.9970525345764842
2.495e-08,0,2.495e-08,-0.01441283521606443,2.495e-08,0.6627522586846053,2.495e-08,-0.000312819166612129,2.495e-08,0.9951915334311882
2.495181316642108e-08,0,2.495181316642108e-08,-0.01439892599109096,2.495181316642108e-08,0.6623911558659433,2.495181316642108e-08,6.119583442558391e-05,2.495181316642108e-08,0.9964674445125528
2.49552232988514e-08,0,2.49552232988514e-08,-0.0143921207356401,2.49552232988514e-08,0.6616932151085488,2.49552232988514e-08,0.0001763547073696996,2.49552232988514e-08,0.9980595469952112
2.495871736213453e-08,0,2.495871736213453e-08,-0.0143957588713071,2.495871736213453e-08,0.6609622985390446,2.495871736213453e-08,4.821154450304166e-05,2.495871736213453e-08,0.9988753944770955
2.496570548870078e-08,0,2.496570548870078e-08,-0.01439265670057184,2.496570548870078e-08,0.6595087586701563,2.496570548870078e-08,3.519203739910689e-05,2.496570548870078e-08,0.9996440616090461
2.497703137401503e-08,0,2.497703137401503e-08,-0.01438870465853584,2.497703137401503e-08,0.6572192037149024,2.497703137401503e-08,-9.331499291194553e-06,2.497703137401503e-08,0.9998901976469036
2.498851568700752e-08,0,2.498851568700752e-08,-0.01438175653338518,2.498851568700752e-08,0.6550063939972219,2.498851568700752e-08,1.445488720030689e-05,2.498851568700752e-08,0.9999081605519108
2.5e-08,0,2.5e-08,-0.01437664891474597,2.5e-08,0.6528970556368081,2.5e-08,-4.581127473284657e-06,2.5e-08,0.9999007084842118
2.502296862598497e-08,0,2.502296862598497e-08,-0.01436446861854962,2.502296862598497e-08,0.6491052635511723,2.502296862598497e-08,3.477595914543826e-06,2.502296862598497e-08,0.9999090438617138
2.506890587795492e-08,0,2.506890587795492e-08,-0.01434080995843955,2.506890587795492e-08,0.6420204753051227,2.506890587795492e-08,3.790012168990631e-06,2.506890587795492e-08,0.9999158179019266
2.51e-08,0,2.51e-08,-0.01432484103184901,2.51e-08,0.6377436915650082,2.51e-08,3.578234937109687e-06,2.51e-08,0.999919139428098
2.516218824409017e-08,0,2.516218824409017e-08,-0.01429298762976718,2.516218824409017e-08,0.630557697051186,2.516218824409017e-08,3.655770668873898e-06,2.516218824409017e-08,0.9999240758836113
2.528656473227051e-08,0,2.528656473227051e-08,-0.01422945964208814,2.528656473227051e-08,0.6175321425880108,2.528656473227051e-08,3.641032673822169e-06,2.528656473227051e-08,0.9999305604622046
2.543005067124216e-08,0,2.543005067124216e-08,-0.01415659194891143,2.543005067124216e-08,0.6051388263552691,2.543005067124216e-08,3.641946155815325e-06,2.543005067124216e-08,0.9999349847864843
2.571702254918545e-08,0,2.571702254918545e-08,-0.0140121966937913,2.571702254918545e-08,0.5849911015693096,2.571702254918545e-08,3.632863226803741e-06,2.571702254918545e-08,0.9999401291075298
2.606795207512457e-08,0,2.606795207512457e-08,-0.01383801411422913,2.606795207512457e-08,0.5653624407807784,2.606795207512457e-08,3.636490940591761e-06,2.606795207512457e-08,0.9999434238305709
2.656687578699573e-08,0,2.656687578699573e-08,-0.01359481469530946,2.656687578699573e-08,0.5426975531193498,2.656687578699573e-08,3.630792351103458e-06,2.656687578699573e-08,0.999946317311868
2.698343789349787e-08,0,2.698343789349787e-08,-0.01339567130957729,2.698343789349787e-08,0.5268509732965719,2.698343789349787e-08,3.635235355128613e-06,2.698343789349787e-08,0.999947775540853
2.74e-08,0,2.74e-08,-0.01319999848030341,2.74e-08,0.5129040426601231,2.74e-08,3.630695043829413e-06,2.74e-08,0.9999489797630332
2.740859864976835e-08,0.1719729953669476,2.740859864976835e-08,-0.0108452987590488,2.740859864976835e-08,0.5144433084410214,2.740859864976835e-08,0.0004124722261264546,2.740859864976835e-08,1.003093554936266
2.741822436419985e-08,0.3644872839970552,2.741822436419985e-08,-0.006987312142733525,2.741822436419985e-08,0.5160703724908736,2.741822436419985e-08,0.0003556463705278754,2.741822436419985e-08,1.003602507408529
2.743411218209993e-08,0.6822436419985527,2.743411218209993e-08,0.00125196815223014,2.743411218209993e-08,0.5197559937536165,2.743411218209993e-08,0.0006253249873647382,2.743411218209993e-08,1.002163891699339
2.744205609104996e-08,0.8411218209993014,2.744205609104996e-08,0.00377817632514644,2.744205609104996e-08,0.5273819512487109,2.744205609104996e-08,0.0006953499924252972,2.744205609104996e-08,0.9984222791562203
2.745e-08,1,2.745e-08,0.004126122450519769,2.745e-08,0.5533620983871732,2.745e-08,0.0003612727659332123,2.745e-08,0.9830999888822057
2.745168473264354e-08,1,2.745168473264354e-08,0.003206230088406306,2.745168473264354e-08,0.5603092436297094,2.745168473264354e-08,-2.583925103047402e-05,2.745168473264354e-08,0.9791830652861453
2.745441756342436e-08,1,2.745441756342436e-08,0.001994475051281865,2.745441756342436e-08,0.5708400016533343,2.745441756342436e-08,-6.800318466920525e-05,2.745441756342436e-08,0.9750874894635496
2.745684803870167e-08,1,2.745684803870167e-08,0.001349226690555985,2.745684803870167e-08,0.5791298424014814,2.745684803870167e-08,0.0001614801163213727,2.745684803870167e-08,0.9741487715918746
2.746170898925629e-08,1,2.746170898925629e-08,0.0006920750160109389,2.746170898925629e-08,0.5933744459492123,2.746170898925629e-08,0.0002256884260234044,2.746170898925629e-08,0.9752621569061748
2.746738913071792e-08,1,2.746738913071792e-08,0.0004006353882031856,2.746738913071792e-08,0.606945460838493,2.746738913071792e-08,0.0002506968137660011,2.746738913071792e-08,0.9785694802295463
2.747587887984178e-08,1,2.747587887984178e-08,0.0002384537740627654,2.747587887984178e-08,0.6228873944362336,2.747587887984178e-08,0.0001650211935161909,2.747587887984178e-08,0.9832760768569313
2.748675339779878e-08,1,2.748675339779878e-08,0.000146444166351471,2.748675339779878e-08,0.6380740841215644,2.748675339779878e-08,0.0001205921229385928,2.748675339779878e-08,0.9875904914909599
2.750427109999103e-08,1,2.750427109999103e-08,6.8737249659928e-05,2.750427109999103e-08,0.6549391275110509,2.750427109999103e-08,4.260624295365906e-05,2.750427109999103e-08,0.9914265423194301
2.752528791224652e-08,1,2.752528791224652e-08,3.22897382003379e-05,2.752528791224652e-08,0.667625006764667,2.752528791224652e-08,3.608022689147823e-05,2.752528791224652e-08,0.9936403036027286
2.755243383256421e-08,1,2.755243383256421e-08,1.759517043908791e-05,2.755243383256421e-08,0.6771842519033399,2.755243383256421e-08,5.917955233664871e-06,2.755243383256421e-08,0.9949648089512209
2.758623859331211e-08,1,2.758623859331211e-08,9.195992025616836e-06,2.758623859331211e-08,0.6832231421867619,2.758623859331211e-08,1.578593567763464e-05,2.758623859331211e-08,0.9956848638069494
2.762990814889725e-08,1,2.762990814889725e-08,7.093548502051258e-06,2.762990814889725e-08,0.6864489637878112,2.762990814889725e-08,-1.961395372633544e-06,2.762990814889725e-08,0.9960155901414536
2.768517491281669e-08,1,2.768517491281669e-08,4.993537645011416e-06,2.768517491281669e-08,0.6876849876646783,2.768517491281669e-08,1.145021691277823e-05,2.768517491281669e-08,0.9961504024048958
2.775782671872674e-08,1,2.775782671872674e-08,5.650802447810579e-06,2.775782671872674e-08,0.6879941893390261,2.775782671872674e-08,-2.694057364974917e-06,2.775782671872674e-08,0.9961703507276003
2.786078223507904e-08,1,2.786078223507904e-08,4.793506655248968e-06,2.786078223507904e-08,0.6880359955115098,2.786078223507904e-08,1.090849949028724e-05,2.786078223507904e-08,0.9961893160364144
2.802600622347345e-08,1,2.802600622347345e-08,5.568277722812282e-06,2.802600622347345e-08,0.6880192660316083,2.802600622347345e-08,-2.585300442253748e-06,2.802600622347345e-08,0.9961698125276487
2.835645420026227e-08,1,2.835645420026227e-08,4.819312266767222e-06,2.835645420026227e-08,0.6880223002875667,2.835645420026227e-08,1.084550817205917e-05,2.835645420026227e-08,0.9961868602126546
2.90173501538399e-08,1,2.90173501538399e-08,5.662919188037982e-06,2.90173501538399e-08,0.6880198236751953,2.90173501538399e-08,-2.552683932964962e-06,2.90173501538399e-08,0.9961700567744691
2.945867507691995e-08,1,2.945867507691995e-08,4.703927749119614e-06,2.945867507691995e-08,0.6880218779698036,2.945867507691995e-08,1.081362095922734e-05,2.945867507691995e-08,0.9961865122386385
2.99e-08,1,2.99e-08,5.637017830122214e-06,2.99e-08,0.6880203149216583,2.99e-08,-2.512048987000118e-06,2.99e-08,0.9961703844260602
2.990920141412233e-08,0.8159717175534565,2.990920141412233e-08,-0.00278894730520769,2.990920141412233e-08,0.6819937300738167,2.990920141412233e-08,-0.0007508363560789187,2.990920141412233e-08,0.9968434960830136
2.991927187124323e-08,0.6145625751354898,2.991927187124323e-08,-0.005321967378692649,2.991927187124323e-08,0.6765750191259363,2.991927187124323e-08,-0.0009149940070385989,2.991927187124323e-08,0.9974227604599583
2.993463593562161e-08,0.3072812875678397,2.993463593562161e-08,-0.009970469156651236,2.993463593562161e-08,0.6693084250011092,2.993463593562161e-08,-0.000499619421658295,2.993463593562161e-08,0.997052534535527
2.994999999999999e-08,1.896260926059767e-13,2.994999999999999e-08,-0.01441283513793412,2.994999999999999e-08,0.6627522586909249,2.994999999999999e-08,-0.0003128191715097424,2.994999999999999e-08,0.9951915334222485
2.995181316639654e-08,0,2.995181316639654e-08,-0.01439892591291064,2.995181316639654e-08,0.66239115587736,2.995181316639654e-08,6.119583258286062e-05,2.995181316639654e-08,0.9964674444955711
2.995522329879609e-08,0,2.995522329879609e-08,-0.01439212065733572,2.995522329879609e-08,0.6616932151264313,2.995522329879609e-08,0.0001763547090056568,2.995522329879609e-08,0.9980595469761133
2.99587173620156e-08,0,2.99587173620156e-08,-0.01439575879303711,2.99587173620156e-08,0.6609622985702023,2.99587173620156e-08,4.821154627828621e-05,2.99587173620156e-08,0.9988753944548434
2.996570548845463e-08,0,2.996570548845463e-08,-0.01439265662244241,2.996570548845463e-08,0.6595087587270226,2.996570548845463e-08,3.519203796046699e-05,2.996570548845463e-08,0.999644061594457
2.997703137365914e-08,0,2.997703137365914e-08,-0.0143887045805127,2.997703137365914e-08,0.6572192037909885,2.997703137365914e-08,-9.331498909171255e-06,2.997703137365914e-08,0.9998901976453198
2.998851568682957e-08,0,2.998851568682957e-08,-0.01438175645533269,2.998851568682957e-08,0.6550063940361517,2.998851568682957e-08,1.445488702527893e-05,2.998851568682957e-08,0.9999081605518243
3e-08,0,3e-08,-0.01437664883662715,3e-08,0.6528970556420072,3e-08,-4.581127382304306e-06,3e-08,0.9999007084842549
3.002296862634086e-08,0,3.002296862634086e-08,-0.01436446854032734,3.002296862634086e-08,0.649105263501659,3.002296862634086e-08,3.477595920730406e-06,3.002296862634086e-08,0.9999090438617695
3.006890587902258e-08,0,3.006890587902258e-08,-0.01434080988000764,3.006890587902258e-08,0.6420204751592655,3.006890587902258e-08,3.790012165047604e-06,3.006890587902258e-08,0.9999158179020492
3.01e-08,0,3.01e-08,-0.01432484095407525,3.01e-08,0.6377436915721022,3.01e-08,3.578234941651993e-06,3.01e-08,0.9999191394280951
3.016218824195486e-08,0,3.016218824195486e-08,-0.01429298755328865,3.016218824195486e-08,0.6305576972760371,3.016218824195486e-08,3.655770669126986e-06,3.016218824195486e-08,0.9999240758834713
3.028656472586456e-08,0,3.028656472586456e-08,-0.01422945956819521,3.028656472586456e-08,0.6175321431771842,3.028656472586456e-08,3.641032674307979e-06,3.028656472586456e-08,0.9999305604619459
3.043005066317294e-08,0,3.043005066317294e-08,-0.01415659187631548,3.043005066317294e-08,0.6051388269811689,3.043005066317294e-08,3.641946156040432e-06,3.043005066317294e-08,0.9999349847862991
3.071702253778968e-08,0,3.071702253778968e-08,-0.01401219662374453,3.071702253778968e-08,0.584991102265534,3.071702253778968e-08,3.632863226913504e-06,3.071702253778968e-08,0.9999401291073793
3.106795206034344e-08,0,3.106795206034344e-08,-0.0138380140468931,3.106795206034344e-08,0.5653624415184091,3.106795206034344e-08,3.636490940758805e-06,3.106795206034344e-08,0.9999434238304722
3.156687576627616e-08,0,3.156687576627616e-08,-0.01359481463225361,3.156687576627616e-08,0.5426975539602135,3.156687576627616e-08,3.630792351075374e-06,3.156687576627616e-08,0.9999463173117706
3.198343788313808e-08,0,3.198343788313808e-08,-0.01339567124271649,3.198343788313808e-08,0.526850973657259,3.198343788313808e-08,3.635235355340889e-06,3.198343788313808e-08,0.9999477755408284
3.24e-08,0,3.24e-08,-0.01319999840977773,3.24e-08,0.5129040426516986,3.24e-08,3.630695043661915e-06,3.24e-08,0.9999489797630269
3.240859864987216e-08,0.1719729974431048,3.240859864987216e-08,-0.01084529865743512,3.240859864987216e-08,0.5144433084501219,3.240859864987216e-08,0.0004124722256173314,3.240859864987216e-08,1.003093554945563
3.241822436438114e-08,0.3644872876228193,3.241822436438114e-08,-0.006987311978809667,3.241822436438114e-08,0.5160703725125618,3.241822436438114e-08,0.0003556463704494341,3.241822436438114e-08,1.003602507393964
3.243411218219057e-08,0.6822436438114017,3.243411218219057e-08,0.001251968237995142,3.243411218219057e-08,0.5197559937884499,3.243411218219057e-08,0.0006253249941253259,3.243411218219057e-08,1.002163891687624
3.244205609109528e-08,0.8411218219055606,3.244205609109528e-08,0.003778176350421829,3.244205609109528e-08,0.5273819513152948,3.244205609109528e-08,0.0006953499936669811,3.244205609109528e-08,0.9984222791111769
3.245e-08,0.9999999999998518,3.245e-08,0.00412612245531647,3.245e-08,0.5533620983669321,3.245e-08,0.0003612727658967879,3.245e-08,0.983099988875059
3.245168473264022e-08,1,3.245168473264022e-08,0.003206230093610135,3.245168473264022e-08,0.5603092435983943,3.245168473264022e-08,-2.583925066001742e-05,3.245168473264022e-08,0.9791830652835943
3.245441756341158e-08,1,3.245441756341158e-08,0.00199447505797674,3.245441756341158e-08,0.5708400015914915,3.245441756341158e-08,-6.800318481395354e-05,3.245441756341158e-08,0.9750874894665775
3.2456848038681e-08,1,3.2456848038681e-08,0.001349226696616972,3.2456848038681e-08,0.5791298423204319,3.2456848038681e-08,0.0001614801157081071,3.2456848038681e-08,0.9741487715877114
3.246170898921984e-08,1,3.246170898921984e-08,0.0006920750200252835,3.246170898921984e-08,0.5933744458406497,3.246170898921984e-08,0.0002256884260145968,3.246170898921984e-08,0.9752621568840443
3.246738913067416e-08,1,3.246738913067416e-08,0.0004006353900131415,3.246738913067416e-08,0.606945460734663,3.246738913067416e-08,0.0002506968141116946,3.246738913067416e-08,0.978569480199311
3.247587887978248e-08,1,3.247587887978248e-08,0.0002384537748965263,3.247587887978248e-08,0.6228873943322072,3.247587887978248e-08,0.0001650211940209102,3.247587887978248e-08,0.98327607682556
3.248675339771353e-08,1,3.248675339771353e-08,0.0001464441669438945,3.248675339771353e-08,0.6380740840144978,3.248675339771353e-08,0.0001205921233715562,3.248675339771353e-08,0.9875904914631979
3.250427109988319e-08,1,3.250427109988319e-08,6.873724996880538e-05,3.250427109988319e-08,0.6549391274254762,3.250427109988319e-08,4.260624317363905e-05,3.250427109988319e-08,0.9914265423026847
3.252528791210824e-08,1,3.252528791210824e-08,3.228973833785975e-05,3.252528791210824e-08,0.6676250066977792,3.252528791210824e-08,3.608022699392787e-05,3.252528791210824e-08,0.9936403035924449
3.255243383238774e-08,1,3.255243383238774e-08,1.75951705008408e-05,3.255243383238774e-08,0.6771842518571547,3.255243383238774e-08,5.917955290986997e-06,3.255243383238774e-08,0.9949648089454174
3.258623859308372e-08,1,3.258623859308372e-08,9.195992055929565e-06,3.258623859308372e-08,0.6832231421592072,3.258623859308372e-08,1.57859356968031e-05,3.258623859308372e-08,0.9956848638039232
3.262990814860683e-08,1,3.262990814860683e-08,7.093548511667035e-06,3.262990814860683e-08,0.6864489637755692,3.262990814860683e-08,-1.961395357283827e-06,3.262990814860683e-08,0.9960155901402081
3.268517491244348e-08,1,3.268517491244348e-08,4.993537649854745e-06,3.268517491244348e-08,0.6876849876609071,3.268517491244348e-08,1.145021690999662e-05,3.268517491244348e-08,0.9961504024045204
3.275782671822174e-08,1,3.275782671822174e-08,5.650802446971287e-06,3.275782671822174e-08,0.6879941893384262,3.275782671822174e-08,-2.694057358686119e-06,3.275782671822174e-08,0.996170350727542
3.286078223432113e-08,1,3.286078223432113e-08,4.793506656812167e-06,3.286078223432113e-08,0.6880359955116093,3.286078223432113e-08,1.090849948457799e-05,3.286078223432113e-08,0.9961893160364528
3.302600622214814e-08,1,3.302600622214814e-08,5.568277720407809e-06,3.302600622214814e-08,0.6880192660316349,3.302600622214814e-08,-2.585300436625505e-06,3.302600622214814e-08,0.9961698125276355
3.335645419780217e-08,1,3.335645419780217e-08,4.819312268934888e-06,3.335645419780217e-08,0.6880223002875572,3.335645419780217e-08,1.084550816641045e-05,3.335645419780217e-08,0.996186860212671
3.401735014911022e-08,1,3.401735014911022e-08,5.662919184508301e-06,3.401735014911022e-08,0.6880198236752031,3.401735014911022e-08,-2.552683927275367e-06,3.401735014911022e-08,0.9961700567744537
3.445867507455511e-08,1,3.445867507455511e-08,4.703927752404466e-06,3.445867507455511e-08,0.6880218779697996,3.445867507455511e-08,1.081362095370296e-05,3.445867507455511e-08,0.9961865122386543
3.49e-08,1,3.49e-08,5.637017826857236e-06,3.49e-08,0.68802031492166,3.49e-08,-2.512048981665761e-06,3.49e-08,0.9961703844260443
3.490920141414448e-08,0.8159717171104848,3.490920141414448e-08,-0.002788947309244009,3.490920141414448e-08,0.6819937300611145,3.490920141414448e-08,-0.0007508363564597691,3.490920141414448e-08,0.9968434960844531
3.491927187128153e-08,0.6145625743694545,3.491927187128153e-08,-0.005321967386531647,3.491927187128153e-08,0.6765750191068047,3.491927187128153e-08,-0.0009149940067249691,3.491927187128153e-08,0.9974227604605587
3.493463593564076e-08,0.3072812871848221,3.493463593564076e-08,-0.009970469159240773,3.493463593564076e-08,0.6693084249928068,3.493463593564076e-08,-0.0004996194210778801,3.493463593564076e-08,0.9970525345338686
3.495e-08,5.728750807065808e-14,3.495e-08,-0.01441283513476808,3.495e-08,0.6627522586911792,3.495e-08,-0.0003128191717075024,3.495e-08,0.995191533421886
3.495181316639555e-08,0,3.495181316639555e-08,-0.0143989259097402,3.495181316639555e-08,0.6623911558778213,3.495181316639555e-08,6.11958325100997e-05,3.495181316639555e-08,0.9964674444948891
3.495522329879386e-08,0,3.495522329879386e-08,-0.01439212065416313,3.495522329879386e-08,0.661693215127155,3.495522329879386e-08,0.0001763547090711712,3.495522329879386e-08,0.9980595469753408
3.495871736201077e-08,0,3.495871736201077e-08,-0.01439575878986881,3.495871736201077e-08,0.6609622985714663,3.495871736201077e-08,4.821154635103683e-05,3.495871736201077e-08,0.9988753944539402
3.496570548844461e-08,0,3.496570548844461e-08,-0.01439265661927985,3.496570548844461e-08,0.6595087587293348,3.496570548844461e-08,3.519203798265616e-05,3.496570548844461e-08,0.9996440615938627
3.49770313736447e-08,0,3.49770313736447e-08,-0.01438870457735022,3.49770313736447e-08,0.6572192037940746,3.49770313736447e-08,-9.331498893060011e-06,3.49770313736447e-08,0.9998901976452562
3.498851568682235e-08,0,3.498851568682235e-08,-0.01438175645217285,3.498851568682235e-08,0.655006394037731,3.498851568682235e-08,1.445488701753763e-05,3.498851568682235e-08,0.9999081605518193
3.500000000000001e-08,0,3.500000000000001e-08,-0.0143766488334674,3.500000000000001e-08,0.6528970556422172,3.500000000000001e-08,-4.581127377906429e-06,3.500000000000001e-08,0.9999007084842575
3.502296862635532e-08,0,3.502296862635532e-08,-0.01436446853716719,3.502296862635532e-08,0.6491052634996485,3.502296862635532e-08,3.477595920944183e-06,3.502296862635532e-08,0.9999090438617719
3.506890587906594e-08,0,3.506890587906594e-08,-0.01434080987684279,3.506890587906594e-08,0.6420204751533428,3.506890587906594e-08,3.79001216498098e-06,3.506890587906594e-08,0.9999158179020539
3.510000000000001e-08,0,3.510000000000001e-08,-0.01432484095093281,3.510000000000001e-08,0.637743691572391,3.510000000000001e-08,3.578234941770142e-06,3.510000000000001e-08,0.999919139428095
3.516218824186815e-08,0,3.516218824186815e-08,-0.01429298755019692,3.516218824186815e-08,0.6305576972851669,3.516218824186815e-08,3.655770669171318e-06,3.516218824186815e-08,0.9999240758834655
3.528656472560443e-08,0,3.528656472560443e-08,-0.01422945956520732,3.528656472560443e-08,0.6175321432011099,3.528656472560443e-08,3.641032674236301e-06,3.528656472560443e-08,0.9999305604619356
3.543005066284543e-08,0,3.543005066284543e-08,-0.01415659187338137,3.543005066284543e-08,0.6051388270065722,3.543005066284543e-08,3.641946156090599e-06,3.543005066284543e-08,0.9999349847862912
3.571702253732744e-08,0,3.571702253732744e-08,-0.0140121966209168,3.571702253732744e-08,0.584991102293778,3.571702253732744e-08,3.632863226941576e-06,3.571702253732744e-08,0.9999401291073736
3.606795205974393e-08,0,3.606795205974393e-08,-0.01383801404417469,3.606795205974393e-08,0.5653624415483236,3.606795205974393e-08,3.636490940751722e-06,3.606795205974393e-08,0.9999434238304677
3.656687576543478e-08,0,3.656687576543478e-08,-0.01359481462970807,3.656687576543478e-08,0.5426975539943603,3.656687576543478e-08,3.630792351082999e-06,3.656687576543478e-08,0.9999463173117671
3.698343788271739e-08,0,3.698343788271739e-08,-0.01339567124001557,3.698343788271739e-08,0.5268509736719096,3.698343788271739e-08,3.635235355374584e-06,3.698343788271739e-08,0.9999477755408269
3.74e-08,0,3.74e-08,-0.01319999840692925,3.74e-08,0.5129040426513608,3.74e-08,3.630695043659525e-06,3.74e-08,0.999948979763027
3.740859864987637e-08,0.171972997527411,3.740859864987637e-08,-0.01084529865332566,3.740859864987637e-08,0.5144433084504946,3.740859864987637e-08,0.0004124722255965634,3.740859864987637e-08,1.00309355494594
3.74182243643885e-08,0.3644872877699913,3.74182243643885e-08,-0.006987311972176129,3.74182243643885e-08,0.5160703725134442,3.74182243643885e-08,0.0003556463704462689,3.74182243643885e-08,1.003602507393373
3.743411218219424e-08,0.6822436438848554,3.743411218219424e-08,0.00125196824146482,3.743411218219424e-08,0.5197559937898628,3.743411218219424e-08,0.000625324994398538,3.743411218219424e-08,1.002163891687149
3.744205609109712e-08,0.8411218219423535,3.744205609109712e-08,0.003778176351444234,3.744205609109712e-08,0.5273819513180024,3.744205609109712e-08,0.0006953499937175656,3.744205609109712e-08,0.9984222791093493
3.744999999999999e-08,0.9999999999998518,3.744999999999999e-08,0.004126122455510453,3.744999999999999e-08,0.5533620983661162,3.744999999999999e-08,0.0003612727658949739,3.744999999999999e-08,0.9830999888747691
3.745168473264009e-08,1,3.745168473264009e-08,0.00320623009381948,3.745168473264009e-08,0.5603092435971359,3.745168473264009e-08,-2.583925064494869e-05,3.745168473264009e-08,0.9791830652834893
3.745441756341106e-08,1,3.745441756341106e-08,0.001994475058247026,3.745441756341106e-08,0.5708400015889944,3.745441756341106e-08,-6.800318481968718e-05,3.745441756341106e-08,0.9750874894667004
3.745684803868016e-08,1,3.745684803868016e-08,0.001349226696861628,3.745684803868016e-08,0.5791298423171627,3.745684803868016e-08,0.0001614801156835858,3.745684803868016e-08,0.9741487715875453
3.746170898921837e-08,1,3.746170898921837e-08,0.0006920750201874662,3.746170898921837e-08,0.593374445836274,3.746170898921837e-08,0.0002256884260139137,3.746170898921837e-08,0.9752621568831522
3.746738913067238e-08,1,3.746738913067238e-08,0.0004006353900865909,3.746738913067238e-08,0.6069454607304574,3.746738913067238e-08,0.0002506968141261504,3.746738913067238e-08,0.9785694801980891
3.747587887978009e-08,1,3.747587887978009e-08,0.0002384537749300039,3.747587887978009e-08,0.6228873943280144,3.747587887978009e-08,0.0001650211940408249,3.747587887978009e-08,0.9832760768242957
3.748675339771007e-08,1,3.748675339771007e-08,0.0001464441669681167,3.748675339771007e-08,0.6380740840101594,3.748675339771007e-08,0.0001205921233895351,3.748675339771007e-08,0.9875904914620731
3.750427109987881e-08,1,3.750427109987881e-08,6.873724998122293e-05,3.750427109987881e-08,0.654939127422,3.750427109987881e-08,4.26062431821774e-05,3.750427109987881e-08,0.9914265423020047
3.752528791210263e-08,1,3.752528791210263e-08,3.228973834358842e-05,3.752528791210263e-08,0.6676250066950693,3.752528791210263e-08,3.608022699842558e-05,3.752528791210263e-08,0.9936403035920289
3.755243383238058e-08,1,3.755243383238058e-08,1.759517050315881e-05,3.755243383238058e-08,0.677184251855283,3.755243383238058e-08,5.917955293003567e-06,3.755243383238058e-08,0.9949648089451812
3.758623859307446e-08,1,3.758623859307446e-08,9.195992057321518e-06,3.758623859307446e-08,0.6832231421580919,3.758623859307446e-08,1.578593569781777e-05,3.758623859307446e-08,0.9956848638038007
3.762990814859504e-08,1,3.762990814859504e-08,7.093548512211622e-06,3.762990814859504e-08,0.6864489637750724,3.762990814859504e-08,-1.961395356848276e-06,3.762990814859504e-08,0.9960155901401576
3.768517491242834e-08,1,3.768517491242834e-08,4.993537649980068e-06,3.768517491242834e-08,0.6876849876607539,3.768517491242834e-08,1.145021691002257e-05,3.768517491242834e-08,0.9961504024045048
3.775782671820124e-08,1,3.775782671820124e-08,5.650802446906224e-06,3.775782671820124e-08,0.6879941893384017,3.775782671820124e-08,-2.694057358619795e-06,3.775782671820124e-08,0.9961703507275398
3.786078223429037e-08,1,3.786078223429037e-08,4.793506656779956e-06,3.786078223429037e-08,0.6880359955116142,3.786078223429037e-08,1.090849948444301e-05,3.786078223429037e-08,0.9961893160364542
3.802600622209445e-08,1,3.802600622209445e-08,5.568277720518049e-06,3.802600622209445e-08,0.6880192660316352,3.802600622209445e-08,-2.585300436472375e-06,3.802600622209445e-08,0.9961698125276349
3.83564541977026e-08,1,3.83564541977026e-08,4.819312268781859e-06,3.83564541977026e-08,0.6880223002875571,3.83564541977026e-08,1.08455081662395e-05,3.83564541977026e-08,0.9961868602126718
3.90173501489189e-08,1,3.90173501489189e-08,5.662919184561799e-06,3.90173501489189e-08,0.6880198236752033,3.90173501489189e-08,-2.552683927159981e-06,3.90173501489189e-08,0.9961700567744529
3.945867507445945e-08,1,3.945867507445945e-08,4.703927752403138e-06,3.945867507445945e-08,0.6880218779697995,3.945867507445945e-08,1.081362095362978e-05,3.945867507445945e-08,0.9961865122386551
3.99e-08,1,3.99e-08,5.637017826806173e-06,3.99e-08,0.6880203149216603,3.99e-08,-2.512048981582718e-06,3.99e-08,0.9961703844260436
3.990920141414537e-08,0.8159717170926177,3.990920141414537e-08,-0.002788947309406397,3.990920141414537e-08,0.6819937300606022,3.990920141414537e-08,-0.0007508363564751296,3.990920141414537e-08,0.9968434960845106
3.991927187128307e-08,0.6145625743386172,3.991927187128307e-08,-0.005321967386846921,3.991927187128307e-08,0.6765750191060356,3.991927187128307e-08,-0.000914994006712345,3.991927187128307e-08,0.9974227604605816
3.993463593564153e-08,0.3072812871693372,3.993463593564153e-08,-0.009970469159347036,3.993463593564153e-08,0.6693084249924711,3.993463593564153e-08,-0.0004996194210542603,3.993463593564153e-08,0.9970525345338024
3.995e-08,5.728750807065808e-14,3.995e-08,-0.01441283513463952,3.995e-08,0.6627522586911893,3.995e-08,-0.000312819171715679,3.995e-08,0.9951915334218713
3.995181316639551e-08,0,3.995181316639551e-08,-0.01439892590961159,3.995181316639551e-08,0.6623911558778399,3.995181316639551e-08,6.119583250676128e-05,3.995181316639551e-08,0.9964674444948605
3.995522329879377e-08,0,3.995522329879377e-08,-0.01439212065403298,3.995522329879377e-08,0.6616932151271832,3.995522329879377e-08,0.0001763547090741378,3.995522329879377e-08,0.9980595469753116
3.995871736201058e-08,0,3.995871736201058e-08,-0.01439575878973758,3.995871736201058e-08,0.6609622985715162,3.995871736201058e-08,4.821154635376056e-05,3.995871736201058e-08,0.9988753944539048
3.99657054884442e-08,0,3.99657054884442e-08,-0.01439265661915233,3.99657054884442e-08,0.6595087587294272,3.99657054884442e-08,3.519203798342551e-05,3.99657054884442e-08,0.9996440615938378
3.99770313736441e-08,0,3.99770313736441e-08,-0.01438870457722569,3.99770313736441e-08,0.6572192037942017,3.99770313736441e-08,-9.331498892428789e-06,3.99770313736441e-08,0.9998901976452539
3.998851568682205e-08,0,3.998851568682205e-08,-0.01438175645204404,3.998851568682205e-08,0.655006394037796,3.998851568682205e-08,1.445488701715819e-05,3.998851568682205e-08,0.9999081605518181
4e-08,0,4e-08,-0.01437664883333504,4e-08,0.6528970556422263,4e-08,-4.581127377624523e-06,4e-08,0.9999007084842577
